  -3.0000000e+00   0.0000000e+00   2.5949058e+19   6.9613539e+18   1.5965104e-03   3.0766966e+02   0.0000000e+00   9.0083570e-28  -3.9880961e+00  -2.0406774e+00
  -1.0000000e+00   0.0000000e+00   2.1795442e+19   5.8470631e+18   1.3409600e-03   2.9895511e+02   0.0000000e+00   7.6772900e-27  -1.3763328e+00  -1.0781759e+00
   1.0000000e+00   0.0000000e+00   1.8361751e+19   4.9259070e+18   1.1297029e-03   2.8834435e+02   0.0000000e+00   9.3509115e-26  -7.4163163e-01   1.1013969e+00
   3.0000000e+00   0.0000000e+00   1.5093151e+19   4.0490395e+18   9.2860294e-04   2.7741308e+02   0.0000000e+00   1.3422631e-24   2.2203695e-02   4.0586317e+00
   5.0000000e+00   0.0000000e+00   1.2306551e+19   3.3014783e+18   7.5715795e-04   2.6534921e+02   0.0000000e+00   6.0156060e-24   3.3040027e-01   8.4508439e+00
   7.0000000e+00   0.0000000e+00   9.9687691e+18   2.6743217e+18   6.1332643e-04   2.5243363e+02   0.0000000e+00   2.6960076e-23   5.6231679e-01   1.3884480e+01
   9.0000000e+00   0.0000000e+00   8.0032886e+18   2.1470422e+18   4.9240066e-04   2.3930864e+02   0.0000000e+00   1.2082668e-22   1.0014062e+00   1.9264687e+01
   1.1000000e+01   0.0000000e+00   6.3381396e+18   1.7003327e+18   3.8995271e-04   2.2724032e+02   0.0000000e+00   5.4150760e-22   1.6064080e+00   2.3415636e+01
   1.3000000e+01   0.0000000e+00   4.9281242e+18   1.3220679e+18   3.0320181e-04   2.1764000e+02   0.0000000e+00   2.4268687e-21   2.0265042e+00   2.4185890e+01
   1.5000000e+01   0.0000000e+00   3.7490501e+18   1.0057577e+18   2.3065952e-04   2.1133872e+02   0.0000000e+00   1.0876471e-20   2.0040461e+00   2.0947048e+01
   1.7000000e+01   0.0000000e+00   2.7848428e+18   7.4708978e+17   1.7133687e-04   2.0869818e+02   0.0000000e+00   4.8744961e-20   1.6678984e+00   1.5010006e+01
   1.9000000e+01   0.0000000e+00   2.0226178e+18   5.4260767e+17   1.2444114e-04   2.0929942e+02   0.0000000e+00   2.1845976e-19   1.1978259e+00   8.5626378e+00
   2.1000000e+01   0.0000000e+00   1.4473808e+18   3.8828884e+17   8.9049799e-05   2.1208524e+02   0.0000000e+00   9.7906871e-19   8.4912148e-01   2.9674683e+00
   2.3000000e+01   0.0000000e+00   1.0321417e+18   2.7689264e+17   6.3502299e-05   2.1582298e+02   0.0000000e+00   4.3878815e-18   7.2902654e-01  -2.4843083e-01
   2.5000000e+01   0.0000000e+00   7.3944508e+17   1.9837093e+17   4.5494204e-05   2.1984018e+02   0.0000000e+00   1.9665121e-17   8.7457492e-01  -8.4744278e-01
   2.7000000e+01   0.0000000e+00   5.3330159e+17   1.4306882e+17   3.2811269e-05   2.2387879e+02   0.0000000e+00   8.8132956e-17   1.0584069e+00   1.1183452e-01
   2.9000000e+01   0.0000000e+00   3.8686346e+17   1.0378386e+17   2.3801693e-05   2.2812038e+02   0.0000000e+00   3.9498451e-16   1.1478646e+00   1.4891050e+00
   3.1000000e+01   0.0000000e+00   2.8201504e+17   7.5656174e+16   1.7350916e-05   2.3278790e+02   0.0000000e+00   1.7701977e-15   1.0342626e+00   2.6670631e+00
   3.3000000e+01   0.0000000e+00   2.0649629e+17   5.5396759e+16   1.2704641e-05   2.3803413e+02   0.0000000e+00   7.9334759e-15   7.8059297e-01   3.5317454e+00
   3.5000000e+01   0.0000000e+00   1.5187596e+17   4.0743764e+16   9.3441366e-06   2.4386283e+02   0.0000000e+00   3.5555372e-14   5.1543957e-01   4.0252269e+00
   3.7000000e+01   0.0000000e+00   1.1226573e+17   3.0117527e+16   6.9071255e-06   2.5010536e+02   0.0000000e+00   1.5934812e-13   3.9447051e-01   4.0368868e+00
   3.9000000e+01   0.0000000e+00   8.3510735e+16   2.2403425e+16   5.1379805e-06   2.5638038e+02   0.0000000e+00   7.1414874e-13   6.0638723e-01   3.5239573e+00
   4.1000000e+01   0.0000000e+00   6.2636771e+16   1.6803567e+16   3.8537142e-06   2.6204048e+02   0.0000000e+00   3.2005926e-12   1.2333913e+00   2.7447371e+00
   4.3000000e+01   0.0000000e+00   4.7456948e+16   1.2731276e+16   2.9197788e-06   2.6638828e+02   0.0000000e+00   1.4344061e-11   2.2673689e+00   2.0072015e+00
   4.5000000e+01   0.0000000e+00   3.6351820e+16   9.7521026e+15   2.2365381e-06   2.6892962e+02   0.0000000e+00   6.4285621e-11   3.5650425e+00   1.5843314e+00
   4.7000000e+01   0.0000000e+00   2.8142999e+16   7.5499223e+15   1.7314921e-06   2.6935592e+02   0.0000000e+00   2.8810817e-10   4.9117920e+00   1.4915797e+00
   4.9000000e+01   0.0000000e+00   2.1986026e+16   5.8981911e+15   1.3526856e-06   2.6769210e+02   0.0000000e+00   1.2912112e-09   5.9917426e+00   1.6186005e+00
   5.1000000e+01   0.0000000e+00   1.7282800e+16   4.6364566e+15   1.0633206e-06   2.6429550e+02   0.0000000e+00   5.7868072e-09   6.6064625e+00   1.7802930e+00
   5.3000000e+01   0.0000000e+00   1.3621246e+16   3.6541716e+15   8.3804428e-07   2.5969628e+02   0.0000000e+00   2.5934671e-08   6.5847675e+00   1.8264472e+00
   5.5000000e+01   0.0000000e+00   1.0728468e+16   2.8781261e+15   6.6006674e-07   2.5436989e+02   0.0000000e+00   1.1623113e-07   5.9171676e+00   1.6471102e+00
   5.7000000e+01   0.0000000e+00   8.4236612e+15   2.2598659e+15   5.1826669e-07   2.4874979e+02   0.0000000e+00   5.2091178e-07   4.7570860e+00   1.2576405e+00
   5.9000000e+01   0.0000000e+00   6.5819767e+15   1.7654935e+15   4.0494119e-07   2.4310135e+02   0.0000000e+00   2.3345646e-06   3.3249513e+00   5.9719045e-01
   6.1000000e+01   0.0000000e+00   5.1129162e+15   1.3704587e+15   3.1450784e-07   2.3757608e+02   0.0000000e+00   1.0462793e-05   1.7654264e+00  -6.6125235e-01
   6.3000000e+01   0.0000000e+00   3.9467181e+15   1.0563134e+15   2.4268881e-07   2.3224245e+02   0.0000000e+00   4.6890984e-05   2.2900038e-01  -2.9933430e+00
   6.5000000e+01   0.0000000e+00   3.0265680e+15   8.0806124e+14   1.8600174e-07   2.2713974e+02   0.0000000e+00   2.1015081e-04  -1.2121682e+00  -6.6851614e+00
   6.7000000e+01   0.0000000e+00   2.3053811e+15   6.1316261e+14   1.4155463e-07   2.2229582e+02   0.0000000e+00   9.4183060e-04  -2.5199870e+00  -1.1666653e+01
   6.9000000e+01   1.3910887e+06   1.7437549e+15   4.6155210e+14   1.0695027e-07   2.1776330e+02   9.7772077e-13   4.2209919e-03  -3.5811871e+00  -1.7505570e+01
   7.1000000e+01   1.4343291e+07   1.3092120e+15   3.4482914e+14   8.0207116e-08   2.1371358e+02   7.4371018e-01   1.8917173e-02  -4.1238804e+00  -2.3265998e+01
   7.3000000e+01   8.6883841e+07   9.7550323e+14   2.5567120e+14   5.9695210e-08   2.1032982e+02   2.7984608e+04   8.4780889e-02  -3.6809145e+00  -2.7812524e+01
   7.5000000e+01   4.3503139e+08   7.2132018e+14   1.8809797e+14   4.4089457e-08   2.0770273e+02   1.7603503e+06   3.7996158e-01  -1.7761738e+00  -3.0047460e+01
   7.7000000e+01   1.8141645e+09   5.2936775e+14   1.3730887e+14   3.2317205e-08   2.0584730e+02   1.3237688e+07   1.7028697e+00   1.9801615e+00  -2.9086944e+01
   7.9000000e+01   6.2625770e+09   3.8603030e+14   9.9533110e+13   2.3534529e-08   2.0467506e+02   3.5294568e+07   7.6317324e+00   7.3730264e+00  -2.4501352e+01
   8.1000000e+01   1.7939228e+10   2.8033087e+14   7.1770498e+13   1.7063256e-08   2.0390417e+02   5.8668329e+07   3.4203052e+01   1.2787907e+01  -1.6556306e+01
   8.3000000e+01   4.3121185e+10   2.0315563e+14   5.1576239e+13   1.2342840e-08   2.0316534e+02   7.8793655e+07   1.5328744e+02   1.6314789e+01  -6.0424201e+00
   8.5000000e+01   8.8430171e+10   1.4721013e+14   3.7001022e+13   8.9250686e-09   2.0211360e+02   9.2866770e+07   6.8698666e+02   1.5639785e+01   5.6220912e+00
   8.7000000e+01   1.5759155e+11   1.0679491e+14   2.6525265e+13   6.4598785e-09   2.0044169e+02   9.3649410e+07   1.2583494e+03   9.4310205e+00   1.6300101e+01
   8.9000000e+01   2.4811927e+11   7.7596483e+13   1.9002557e+13   4.6823885e-09   1.9799574e+02   8.1165307e+07   1.8294827e+03  -1.7911025e+00   2.4349460e+01
   9.1000000e+01   3.4995556e+11   5.6429715e+13   1.3589398e+13   3.3969485e-09   1.9488214e+02   6.5361568e+07   2.3995884e+03  -1.3810011e+01   2.8662274e+01
   9.3000000e+01   4.4649868e+11   4.1000380e+13   9.6801217e+12   2.4625125e-09   1.9143801e+02   5.1283778e+07   2.9650879e+03  -2.2091474e+01   2.9056122e+01
   9.5000000e+01   5.2209968e+11   2.9682541e+13   6.8464747e+12   1.7790295e-09   1.8832558e+02   4.0426827e+07   3.5099444e+03  -2.1881345e+01   2.6127861e+01
   9.7000000e+01   5.6428873e+11   2.1338483e+13   4.7889442e+12   1.2764868e-09   1.8614393e+02   3.2249453e+07   3.9622853e+03  -1.2111694e+01   2.1326298e+01
   9.9000000e+01   5.6876658e+11   1.5191393e+13   3.3018975e+12   9.0713711e-10   1.8572401e+02   2.6081521e+07   4.0000000e+03   5.4918309e+00   1.6040692e+01
   1.0100000e+02   5.4016171e+11   1.0702600e+13   2.2412046e+12   6.3798006e-10   1.8757005e+02   2.1376608e+07   4.0000000e+03   2.5314669e+01   1.1680483e+01
   1.0300000e+02   4.8937660e+11   7.4705744e+12   1.4987446e+12   4.4455124e-10   1.9202839e+02   1.7726911e+07   4.0000000e+03   4.2134205e+01   9.1257905e+00
   1.0500000e+02   4.2677451e+11   5.1819820e+12   9.9025437e+11   3.0785573e-10   1.9919241e+02   1.4839269e+07   4.0000000e+03   5.1067031e+01   8.4464559e+00
   1.0700000e+02   3.6219540e+11   3.5888878e+12   6.4969281e+11   2.1290984e-10   2.0926666e+02   1.2509907e+07   4.0000000e+03   5.1975589e+01   8.8071413e+00
   1.0900000e+02   3.0217802e+11   2.4944017e+12   4.2573607e+11   1.4783566e-10   2.2216658e+02   1.0596389e+07   4.0000000e+03   4.6870125e+01   8.9586031e+00
   1.1100000e+02   2.4956655e+11   1.7470631e+12   2.8006375e+11   1.0350902e-10   2.3798878e+02   8.9983779e+06   4.0000000e+03   3.9104431e+01   7.8280518e+00
   1.1300000e+02   2.0508645e+11   1.2369589e+12   1.8573824e+11   7.3319979e-11   2.5685664e+02   7.6476917e+06   4.0000000e+03   3.1220044e+01   4.8367394e+00
   1.1500000e+02   1.6832060e+11   8.8739983e+11   1.2461271e+11   5.2668145e-11   2.7886240e+02   6.4984116e+06   4.0000000e+03   2.5347522e+01   2.0710372e-01
   1.1700000e+02   1.3836543e+11   6.4613699e+11   8.4799290e+10   3.8429785e-11   3.0396946e+02   5.5187376e+06   4.0000000e+03   2.1484484e+01  -5.1342596e+00
   1.1900000e+02   1.1422215e+11   4.7819518e+11   5.8665598e+10   2.8522133e-11   3.3181495e+02   4.6860478e+06   4.0000000e+03   1.8947629e+01  -1.0168825e+01
   1.2100000e+02   9.4955302e+10   3.6029547e+11   4.1355604e+10   2.1564717e-11   3.6159647e+02   3.9830479e+06   4.0000000e+03   1.7264795e+01  -1.4254980e+01
   1.2300000e+02   7.9700462e+10   2.7676401e+11   2.9767577e+10   1.6631562e-11   3.9231445e+02   3.3940951e+06   4.0000000e+03   1.6195988e+01  -1.7266344e+01
   1.2500000e+02   6.7673735e+10   2.1692860e+11   2.1909453e+10   1.3093941e-11   4.2301286e+02   2.9037995e+06   4.0000000e+03   1.5754874e+01  -1.9476796e+01
   1.2700000e+02   5.8188844e+10   1.7347415e+11   1.6496029e+10   1.0521588e-11   4.5287273e+02   2.4971276e+06   4.0000000e+03   1.6031400e+01  -2.1307604e+01
   1.2900000e+02   5.0650311e+10   1.4132613e+11   1.2691025e+10   8.6160336e-12   4.8138886e+02   2.1594725e+06   4.0000000e+03   1.7068236e+01  -2.3103922e+01
   1.3100000e+02   4.4564101e+10   1.1698376e+11   9.9514903e+09   7.1711195e-12   5.0846115e+02   1.8774385e+06   4.0000000e+03   1.8792554e+01  -2.5053559e+01
   1.3300000e+02   3.9565321e+10   9.8128478e+10   7.9326642e+09   6.0501682e-12   5.3416966e+02   1.6402034e+06   4.0000000e+03   2.1073670e+01  -2.7182181e+01
   1.3500000e+02   3.5400756e+10   8.3244193e+10   6.4152831e+09   5.1637770e-12   5.5858541e+02   1.4395664e+06   4.0000000e+03   2.3646416e+01  -2.9357572e+01
   1.3700000e+02   3.1888729e+10   7.1303546e+10   5.2549968e+09   4.4513413e-12   5.8177413e+02   1.2691364e+06   4.0000000e+03   2.6162191e+01  -3.1264493e+01
   1.3900000e+02   2.8895483e+10   6.1589985e+10   4.3541016e+09   3.8705753e-12   6.0379819e+02   1.1238313e+06   4.0000000e+03   2.8265177e+01  -3.2648325e+01
   1.4100000e+02   2.6320480e+10   5.3591487e+10   3.6449187e+09   3.3912538e-12   6.2471675e+02   9.9954935e+05   4.0000000e+03   2.9751459e+01  -3.3298951e+01
   1.4300000e+02   2.4086809e+10   4.6934386e+10   3.0796257e+09   2.9913141e-12   6.4458592e+02   8.9294152e+05   4.0000000e+03   3.0493441e+01  -3.3166200e+01
   1.4500000e+02   2.2134721e+10   4.1340906e+10   2.6238387e+09   2.6543527e-12   6.6345895e+02   8.0124896e+05   4.0000000e+03   3.0490208e+01  -3.2325810e+01
   1.4700000e+02   2.0417180e+10   3.6601144e+10   2.2524525e+09   2.3679733e-12   6.8138633e+02   7.2218338e+05   4.0000000e+03   2.9854173e+01  -3.1012727e+01
   1.4900000e+02   1.8896713e+10   3.2554156e+10   1.9468817e+09   2.1226709e-12   6.9841599e+02   6.5383671e+05   4.0000000e+03   2.8771053e+01  -2.9445346e+01
   1.5100000e+02   1.7543153e+10   2.9074907e+10   1.6931935e+09   1.9110610e-12   7.1459339e+02   5.9461136e+05   4.0000000e+03   2.7387550e+01  -2.7931099e+01
   1.5300000e+02   1.6331979e+10   2.6065105e+10   1.4808212e+09   1.7273388e-12   7.2996166e+02   5.4316532e+05   4.0000000e+03   2.5880479e+01  -2.6724483e+01
   1.5500000e+02   1.5243087e+10   2.3446671e+10   1.3016645e+09   1.5668926e-12   7.4456174e+02   4.9836830e+05   4.0000000e+03   2.4384888e+01  -2.5999288e+01
   1.5700000e+02   1.4259864e+10   2.1156668e+10   1.1494508e+09   1.4260082e-12   7.5843245e+02   4.5926621e+05   4.0000000e+03   2.2993358e+01  -2.5872307e+01
   1.5900000e+02   1.3368479e+10   1.9144401e+10   1.0192766e+09   1.3016902e-12   7.7161065e+02   4.2505206e+05   4.0000000e+03   2.1759393e+01  -2.6364020e+01
   1.6100000e+02   1.2557339e+10   1.7368704e+10   9.0727408e+08   1.1915028e-12   7.8413130e+02   3.9504208e+05   4.0000000e+03   2.0696071e+01  -2.7403350e+01
   1.6300000e+02   1.1816666e+10   1.5795456e+10   8.1036611e+08   1.0934294e-12   7.9602759e+02   3.6865589e+05   4.0000000e+03   1.9786038e+01  -2.8859300e+01
   1.6500000e+02   1.1138164e+10   1.4396385e+10   7.2608473e+08   1.0057986e-12   8.0733099e+02   3.4540000e+05   4.0000000e+03   1.9003018e+01  -3.0598582e+01
   1.6700000e+02   1.0514753e+10   1.3148200e+10   6.5243516e+08   9.2722876e-13   8.1807141e+02   3.2485411e+05   4.0000000e+03   1.8321584e+01  -3.2463153e+01
   1.6900000e+02   9.9403623e+09   1.2031081e+10   5.8779323e+08   8.5654724e-13   8.2827718e+02   3.0665956e+05   4.0000000e+03   1.7718724e+01  -3.4325185e+01
   1.7100000e+02   9.4097563e+09   1.1028089e+10   5.3082713e+08   7.9275347e-13   8.3797524e+02   2.9050979e+05   4.0000000e+03   1.7175906e+01  -3.6086690e+01
   1.7300000e+02   8.9184029e+09   1.0125110e+10   4.8043755e+08   7.3500998e-13   8.4719112e+02   2.7614220e+05   4.0000000e+03   1.6679336e+01  -3.7682320e+01
   1.7500000e+02   8.4623593e+09   9.3100920e+09   4.3571127e+08   6.8260096e-13   8.5594908e+02   2.6333146e+05   4.0000000e+03   1.6219961e+01  -3.9079581e+01
   1.7700000e+02   8.0381817e+09   8.5727068e+09   3.9588508e+08   6.3491253e-13   8.6427211e+02   2.5188378e+05   4.0000000e+03   1.5793221e+01  -4.0277342e+01
   1.7900000e+02   7.6428502e+09   7.9040695e+09   3.6031747e+08   5.9141590e-13   8.7218208e+02   2.4163215e+05   4.0000000e+03   1.5396878e+01  -4.1290497e+01
   1.8100000e+02   7.2737068e+09   7.2965032e+09   3.2846632e+08   5.5165359e-13   8.7969970e+02   2.3243236e+05   4.0000000e+03   1.5028900e+01  -4.2135306e+01
   1.8300000e+02   6.9284037e+09   6.7433483e+09   2.9987109e+08   5.1522825e-13   8.8684467e+02   2.2415959e+05   4.0000000e+03   1.4687207e+01  -4.2827730e+01
   1.8500000e+02   6.6048600e+09   6.2388068e+09   2.7413869e+08   4.8179345e-13   8.9363566e+02   2.1670554e+05   4.0000000e+03   1.4369724e+01  -4.3383729e+01
   1.8700000e+02   6.3012258e+09   5.7778124e+09   2.5093199e+08   4.5104604e-13   9.0009042e+02   2.0997608e+05   4.0000000e+03   1.4074371e+01  -4.3819262e+01
   1.8900000e+02   6.0158512e+09   5.3559238e+09   2.2996067e+08   4.2271989e-13   9.0622577e+02   2.0388920e+05   4.0000000e+03   1.3799071e+01  -4.4150287e+01
   1.9100000e+02   5.7472606e+09   4.9692349e+09   2.1097362e+08   3.9658058e-13   9.1205771e+02   1.9837326e+05   4.0000000e+03   1.3541747e+01  -4.4392757e+01
   1.9300000e+02   5.4941307e+09   4.6143002e+09   1.9375284e+08   3.7242098e-13   9.1760141e+02   1.9336557e+05   4.0000000e+03   1.3300321e+01  -4.4562622e+01
   1.9500000e+02   5.2552715e+09   4.2880715e+09   1.7810836e+08   3.5005757e-13   9.2287128e+02   1.8881116e+05   4.0000000e+03   1.3072711e+01  -4.4675920e+01
   1.9700000e+02   5.0296102e+09   3.9878449e+09   1.6387407e+08   3.2932727e-13   9.2788100e+02   1.8466170e+05   4.0000000e+03   1.2856851e+01  -4.4748545e+01
   1.9900000e+02   4.8161776e+09   3.7112155e+09   1.5090426e+08   3.1008479e-13   9.3264356e+02   1.8087462e+05   4.0000000e+03   1.2650860e+01  -4.4794726e+01
   2.0100000e+02   4.6140956e+09   3.4560393e+09   1.3907070e+08   2.9220035e-13   9.3717129e+02   1.7741234e+05   4.0000000e+03   1.2453218e+01  -4.4825682e+01
   2.0300000e+02   4.4225672e+09   3.2204000e+09   1.2826021e+08   2.7555775e-13   9.4147590e+02   1.7424164e+05   4.0000000e+03   1.2262782e+01  -4.4849418e+01
   2.0500000e+02   4.2408673e+09   3.0025812e+09   1.1837264e+08   2.6005272e-13   9.4556851e+02   1.7133307e+05   4.0000000e+03   1.2078787e+01  -4.4870662e+01
   2.0700000e+02   4.0683349e+09   2.8010421e+09   1.0931914e+08   2.4559144e-13   9.4945969e+02   1.6866049e+05   4.0000000e+03   1.1900832e+01  -4.4891101e+01
   2.0900000e+02   3.9043664e+09   2.6143968e+09   1.0102065e+08   2.3208937e-13   9.5315946e+02   1.6620065e+05   4.0000000e+03   1.1728707e+01  -4.4910899e+01
   2.1100000e+02   3.7484092e+09   2.4413961e+09   9.3406709e+07   2.1947013e-13   9.5667734e+02   1.6393285e+05   4.0000000e+03   1.1562226e+01  -4.4930048e+01
   2.1300000e+02   3.5999569e+09   2.2809122e+09   8.6414346e+07   2.0766461e-13   9.6002238e+02   1.6183860e+05   4.0000000e+03   1.1401202e+01  -4.4948569e+01
   2.1500000e+02   3.4585440e+09   2.1319246e+09   7.9987183e+07   1.9661012e-13   9.6320317e+02   1.5990137e+05   4.0000000e+03   1.1245458e+01  -4.4966483e+01
   2.1700000e+02   3.3237426e+09   1.9935086e+09   7.4074639e+07   1.8624976e-13   9.6622786e+02   1.5810638e+05   4.0000000e+03   1.1094819e+01  -4.4983810e+01
   2.1900000e+02   3.1951582e+09   1.8648251e+09   6.8631247e+07   1.7653170e-13   9.6910421e+02   1.5644037e+05   4.0000000e+03   1.0949119e+01  -4.5000569e+01
   2.2100000e+02   3.0724264e+09   1.7451108e+09   6.3616071e+07   1.6740874e-13   9.7183957e+02   1.5489144e+05   4.0000000e+03   1.0808196e+01  -4.5016778e+01
   2.2300000e+02   2.9552106e+09   1.6336712e+09   5.8992184e+07   1.5883777e-13   9.7444093e+02   1.5344889e+05   4.0000000e+03   1.0671892e+01  -4.5032456e+01
   2.2500000e+02   2.8431991e+09   1.5298727e+09   5.4726226e+07   1.5077937e-13   9.7691493e+02   1.5210307e+05   4.0000000e+03   1.0540057e+01  -4.5047620e+01
   2.2700000e+02   2.7361026e+09   1.4331369e+09   5.0788014e+07   1.4319745e-13   9.7926788e+02   1.5084532e+05   4.0000000e+03   1.0412544e+01  -4.5062286e+01
   2.2900000e+02   2.6336526e+09   1.3429349e+09   4.7150197e+07   1.3605891e-13   9.8150577e+02   1.4966781e+05   4.0000000e+03   1.0289212e+01  -4.5076472e+01
   2.3100000e+02   2.5355994e+09   1.2587825e+09   4.3787961e+07   1.2933335e-13   9.8363428e+02   1.4856345e+05   4.0000000e+03   1.0169923e+01  -4.5090193e+01
   2.3300000e+02   2.4417105e+09   1.1802361e+09   4.0678755e+07   1.2299283e-13   9.8565884e+02   1.4752586e+05   4.0000000e+03   1.0054544e+01  -4.5103464e+01
   2.3500000e+02   2.3517690e+09   1.1068883e+09   3.7802071e+07   1.1701162e-13   9.8758457e+02   1.4654924e+05   4.0000000e+03   9.9429484e+00  -4.5116300e+01
   2.3700000e+02   2.2655726e+09   1.0383650e+09   3.5139225e+07   1.1136599e-13   9.8941635e+02   1.4562836e+05   4.0000000e+03   9.8350111e+00  -4.5128715e+01
   2.3900000e+02   2.1829319e+09   9.7432205e+08   3.2673183e+07   1.0603406e-13   9.9115881e+02   1.4475846e+05   4.0000000e+03   9.7306124e+00  -4.5140723e+01
   2.4100000e+02   2.1036700e+09   9.1444273e+08   3.0388396e+07   1.0099560e-13   9.9281638e+02   1.4393523e+05   4.0000000e+03   9.6296362e+00  -4.5152338e+01
   2.4300000e+02   2.0276209e+09   8.5843507e+08   2.8270656e+07   9.6231899e-14   9.9439321e+02   1.4315475e+05   4.0000000e+03   9.5319705e+00  -4.5163571e+01
   2.4500000e+02   1.9546289e+09   8.0602979e+08   2.6306950e+07   9.1725632e-14   9.9589331e+02   1.4241346e+05   4.0000000e+03   9.4375067e+00  -4.5174437e+01
   2.4700000e+02   1.8845479e+09   7.5697824e+08   2.4485545e+07   8.7460754e-14   9.9732043e+02   1.4170811e+05   4.0000000e+03   9.3461397e+00  -4.5184946e+01
   2.4900000e+02   1.8172406e+09   7.1105070e+08   2.2795515e+07   8.3422365e-14   9.9867818e+02   1.4103577e+05   4.0000000e+03   9.2577681e+00  -4.5195111e+01
   2.5100000e+02   1.7525777e+09   6.6803467e+08   2.1226697e+07   7.9596622e-14   9.9996996e+02   1.4039375e+05   4.0000000e+03   9.1722937e+00  -4.5204942e+01
   2.5300000e+02   1.6904374e+09   6.2773349e+08   1.9769929e+07   7.5970668e-14   1.0011990e+03   1.3977960e+05   4.0000000e+03   9.0896214e+00  -4.5214451e+01
   2.5500000e+02   1.6307049e+09   5.8996500e+08   1.8416799e+07   7.2532540e-14   1.0023684e+03   1.3919108e+05   4.0000000e+03   9.0096595e+00  -4.5223648e+01
   2.5700000e+02   1.5732720e+09   5.5456033e+08   1.7159395e+07   6.9271088e-14   1.0034811e+03   1.3862617e+05   4.0000000e+03   8.9323191e+00  -4.5232544e+01
   2.5900000e+02   1.5180363e+09   5.2136284e+08   1.5990609e+07   6.6175934e-14   1.0045399e+03   1.3808308e+05   4.0000000e+03   8.8575141e+00  -4.5241148e+01
   2.6100000e+02   1.4649011e+09   4.9022713e+08   1.4904044e+07   6.3237404e-14   1.0055474e+03   1.3755933e+05   4.0000000e+03   8.7851616e+00  -4.5249471e+01
   2.6300000e+02   1.4137749e+09   4.6101816e+08   1.3893639e+07   6.0446462e-14   1.0065061e+03   1.3705342e+05   4.0000000e+03   8.7151810e+00  -4.5257520e+01
   2.6500000e+02   1.3645711e+09   4.3361040e+08   1.2953817e+07   5.7794666e-14   1.0074184e+03   1.3656473e+05   4.0000000e+03   8.6474947e+00  -4.5265305e+01
   2.6700000e+02   1.3172075e+09   4.0788714e+08   1.2079439e+07   5.5274127e-14   1.0082866e+03   1.3609188e+05   4.0000000e+03   8.5820274e+00  -4.5272835e+01
   2.6900000e+02   1.2716063e+09   3.8373976e+08   1.1265760e+07   5.2877466e-14   1.0091128e+03   1.3563360e+05   4.0000000e+03   8.5187064e+00  -4.5280119e+01
   2.7100000e+02   1.2276936e+09   3.6106714e+08   1.0508397e+07   5.0597775e-14   1.0098991e+03   1.3518958e+05   4.0000000e+03   8.4574613e+00  -4.5287163e+01
   2.7300000e+02   1.1853993e+09   3.3977510e+08   9.8033054e+06   4.8428586e-14   1.0106475e+03   1.3475875e+05   4.0000000e+03   8.3982241e+00  -4.5293977e+01
   2.7500000e+02   1.1446566e+09   3.1977587e+08   9.1467425e+06   4.6363834e-14   1.0113598e+03   1.3433940e+05   4.0000000e+03   8.3409288e+00  -4.5300567e+01
   2.7700000e+02   1.1054020e+09   3.0098760e+08   8.5352493e+06   4.4397836e-14   1.0120377e+03   1.3393077e+05   4.0000000e+03   8.2855120e+00  -4.5306941e+01
   2.7900000e+02   1.0675754e+09   2.8333394e+08   7.9656251e+06   4.2525255e-14   1.0126830e+03   1.3353208e+05   4.0000000e+03   8.2319119e+00  -4.5313106e+01
   2.8100000e+02   1.0311191e+09   2.6674366e+08   7.4349077e+06   4.0741083e-14   1.0132972e+03   1.3314263e+05   4.0000000e+03   8.1800690e+00  -4.5319069e+01
   2.8300000e+02   9.9597841e+08   2.5115024e+08   6.9403539e+06   3.9040614e-14   1.0138818e+03   1.3276178e+05   4.0000000e+03   8.1299258e+00  -4.5324837e+01
   2.8500000e+02   9.6210120e+08   2.3649157e+08   6.4794228e+06   3.7419427e-14   1.0144383e+03   1.3238892e+05   4.0000000e+03   8.0814264e+00  -4.5330415e+01
   2.8700000e+02   9.2943766e+08   2.2270958e+08   6.0497597e+06   3.5873362e-14   1.0149680e+03   1.3202351e+05   4.0000000e+03   8.0345171e+00  -4.5335811e+01
   2.8900000e+02   8.9794028e+08   2.0975004e+08   5.6491817e+06   3.4398506e-14   1.0154723e+03   1.3166504e+05   4.0000000e+03   7.9891456e+00  -4.5341030e+01
   2.9100000e+02   8.6756371e+08   1.9756221e+08   5.2756643e+06   3.2991175e-14   1.0159524e+03   1.3131305e+05   4.0000000e+03   7.9452615e+00  -4.5346077e+01
   2.9300000e+02   8.3826455e+08   1.8609864e+08   4.9273297e+06   3.1647901e-14   1.0164094e+03   1.3096716e+05   4.0000000e+03   7.9028162e+00  -4.5350959e+01
   2.9500000e+02   8.1000295e+08   1.7531494e+08   4.6024351e+06   3.0365434e-14   1.0168446e+03   1.3062647e+05   4.0000000e+03   7.8617624e+00  -4.5355681e+01
   2.9700000e+02   7.8273159e+08   1.6516956e+08   4.2993629e+06   2.9140486e-14   1.0172588e+03   1.3029066e+05   4.0000000e+03   7.8220544e+00  -4.5360249e+01
   2.9900000e+02   7.5641255e+08   1.5562359e+08   4.0166108e+06   2.7970176e-14   1.0176532e+03   1.2995994e+05   4.0000000e+03   7.7836483e+00  -4.5364666e+01
   3.0100000e+02   7.3101762e+08   1.4664061e+08   3.7527838e+06   2.6851971e-14   1.0180288e+03   1.2963392e+05   4.0000000e+03   7.7465013e+00  -4.5368939e+01
   3.0300000e+02   7.0651130e+08   1.3818649e+08   3.5065855e+06   2.5783260e-14   1.0183863e+03   1.2931229e+05   4.0000000e+03   7.7105721e+00  -4.5373072e+01
   3.0500000e+02   6.8285874e+08   1.3022926e+08   3.2768113e+06   2.4761577e-14   1.0187268e+03   1.2899526e+05   4.0000000e+03   7.6758208e+00  -4.5377069e+01
   3.0700000e+02   6.6003578e+08   1.2273894e+08   3.0623415e+06   2.3784817e-14   1.0190510e+03   1.2868255e+05   4.0000000e+03   7.6422087e+00  -4.5380935e+01
   3.0900000e+02   6.3801189e+08   1.1568744e+08   2.8621348e+06   2.2850769e-14   1.0193597e+03   1.2837341e+05   4.0000000e+03   7.6096986e+00  -4.5384674e+01
   3.1100000e+02   6.1674977e+08   1.0904842e+08   2.6752231e+06   2.1957160e-14   1.0196536e+03   1.2806767e+05   4.0000000e+03   7.5782543e+00  -4.5388291e+01
   3.1300000e+02   5.9622219e+08   1.0279718e+08   2.5007056e+06   2.1102060e-14   1.0199336e+03   1.2776515e+05   4.0000000e+03   7.5478409e+00  -4.5391789e+01
   3.1500000e+02   5.7640228e+08   9.6910522e+07   2.3377443e+06   2.0283622e-14   1.0202002e+03   1.2746661e+05   4.0000000e+03   7.5184246e+00  -4.5395173e+01
   3.1700000e+02   5.5726424e+08   9.1366712e+07   2.1855594e+06   1.9500099e-14   1.0204541e+03   1.2716128e+05   4.0000000e+03   7.4899726e+00  -4.5398445e+01
   3.1900000e+02   5.3878330e+08   8.6145338e+07   2.0434248e+06   1.8749838e-14   1.0206959e+03   1.2684999e+05   4.0000000e+03   7.4624534e+00  -4.5401611e+01
   3.2100000e+02   5.2093570e+08   8.1227241e+07   1.9106649e+06   1.8031271e-14   1.0209262e+03   1.2654373e+05   4.0000000e+03   7.4358364e+00  -4.5404672e+01
   3.2300000e+02   5.0369860e+08   7.6594436e+07   1.7866504e+06   1.7342912e-14   1.0211455e+03   1.2624125e+05   4.0000000e+03   7.4100920e+00  -4.5407633e+01
   3.2500000e+02   4.8705005e+08   7.2230034e+07   1.6707951e+06   1.6683356e-14   1.0213544e+03   1.2594137e+05   4.0000000e+03   7.3851916e+00  -4.5410497e+01
   3.2700000e+02   4.7096897e+08   6.8118175e+07   1.5625534e+06   1.6051265e-14   1.0215534e+03   1.2565449e+05   4.0000000e+03   7.3611075e+00  -4.5413268e+01
   3.2900000e+02   4.5543511e+08   6.4243960e+07   1.4614165e+06   1.5445376e-14   1.0217429e+03   1.2537941e+05   4.0000000e+03   7.3378130e+00  -4.5415947e+01
   3.3100000e+02   4.4042897e+08   6.0593392e+07   1.3669106e+06   1.4864487e-14   1.0219234e+03   1.2510484e+05   4.0000000e+03   7.3152822e+00  -4.5418539e+01
   3.3300000e+02   4.2593182e+08   5.7153321e+07   1.2785941e+06   1.4307458e-14   1.0220954e+03   1.2483171e+05   4.0000000e+03   7.2934900e+00  -4.5421045e+01
   3.3500000e+02   4.1192563e+08   5.3911387e+07   1.1960555e+06   1.3773206e-14   1.0222592e+03   1.2455999e+05   4.0000000e+03   7.2724123e+00  -4.5423469e+01
   3.3700000e+02   3.9839309e+08   5.0855976e+07   1.1189110e+06   1.3260705e-14   1.0224153e+03   1.2428965e+05   4.0000000e+03   7.2520256e+00  -4.5425814e+01
   3.3900000e+02   3.8531750e+08   4.7976168e+07   1.0468028e+06   1.2768976e-14   1.0225639e+03   1.2402065e+05   4.0000000e+03   7.2323072e+00  -4.5428082e+01
   3.4100000e+02   3.7268281e+08   4.5261699e+07   9.7939754e+05   1.2297093e-14   1.0227056e+03   1.2375295e+05   4.0000000e+03   7.2132353e+00  -4.5430276e+01
   3.4300000e+02   3.6047358e+08   4.2702917e+07   9.1638401e+05   1.1844174e-14   1.0228405e+03   1.2348652e+05   4.0000000e+03   7.1947886e+00  -4.5432398e+01
   3.4500000e+02   3.4867492e+08   4.0290745e+07   8.5747213e+05   1.1409380e-14   1.0229691e+03   1.2322132e+05   4.0000000e+03   7.1769467e+00  -4.5434450e+01
   3.4700000e+02   3.3727252e+08   3.8016649e+07   8.0239126e+05   1.0991913e-14   1.0230915e+03   1.2295733e+05   4.0000000e+03   7.1596897e+00  -4.5436435e+01
   3.4900000e+02   3.2625258e+08   3.5872600e+07   7.5088894e+05   1.0591015e-14   1.0232082e+03   1.2269452e+05   4.0000000e+03   7.1429985e+00  -4.5438355e+01
   3.5100000e+02   3.1560182e+08   3.3851045e+07   7.0272960e+05   1.0205964e-14   1.0233194e+03   1.2243286e+05   4.0000000e+03   7.1268544e+00  -4.5440212e+01
   3.5300000e+02   3.0530745e+08   3.1944878e+07   6.5769345e+05   9.8360721e-15   1.0234254e+03   1.2217233e+05   4.0000000e+03   7.1112397e+00  -4.5442008e+01
   3.5500000e+02   2.9535712e+08   3.0147416e+07   6.1557535e+05   9.4806866e-15   1.0235263e+03   1.2191289e+05   4.0000000e+03   7.0961368e+00  -4.5443745e+01
   3.5700000e+02   2.8573897e+08   2.8452367e+07   5.7618386e+05   9.1391839e-15   1.0236225e+03   1.2165453e+05   4.0000000e+03   7.0815291e+00  -4.5445425e+01
   3.5900000e+02   2.7644155e+08   2.6853812e+07   5.3934029e+05   8.8109697e-15   1.0237142e+03   1.2139723e+05   4.0000000e+03   7.0674003e+00  -4.5447050e+01
   3.6100000e+02   2.6745381e+08   2.5346178e+07   5.0487783e+05   8.4954786e-15   1.0238016e+03   1.2114096e+05   4.0000000e+03   7.0537346e+00  -4.5448622e+01
   3.6300000e+02   2.5876514e+08   2.3924222e+07   4.7264074e+05   8.1921714e-15   1.0238848e+03   1.2088569e+05   4.0000000e+03   7.0405170e+00  -4.5450142e+01
   3.6500000e+02   2.5036526e+08   2.2583006e+07   4.4248363e+05   7.9005343e-15   1.0239641e+03   1.2063142e+05   4.0000000e+03   7.0277327e+00  -4.5451613e+01
   3.6700000e+02   2.4224430e+08   2.1317884e+07   4.1427072e+05   7.6200773e-15   1.0240398e+03   1.2037813e+05   4.0000000e+03   7.0153675e+00  -4.5453035e+01
   3.6900000e+02   2.3439272e+08   2.0124480e+07   3.8787524e+05   7.3503329e-15   1.0241118e+03   1.2012579e+05   4.0000000e+03   7.0034078e+00  -4.5454411e+01
   3.7100000e+02   2.2680133e+08   1.8998674e+07   3.6317876e+05   7.0908553e-15   1.0241805e+03   1.1987438e+05   4.0000000e+03   6.9918400e+00  -4.5455741e+01
   3.7300000e+02   2.1946127e+08   1.7936588e+07   3.4007071e+05   6.8412189e-15   1.0242460e+03   1.1962390e+05   4.0000000e+03   6.9806516e+00  -4.5457028e+01
   3.7500000e+02   2.1236399e+08   1.6934566e+07   3.1844777e+05   6.6010177e-15   1.0243083e+03   1.1937433e+05   4.0000000e+03   6.9698299e+00  -4.5458273e+01
   3.7700000e+02   2.0550123e+08   1.5989170e+07   2.9821347e+05   6.3698640e-15   1.0243678e+03   1.1912565e+05   4.0000000e+03   6.9593630e+00  -4.5459477e+01
   3.7900000e+02   1.9886505e+08   1.5097157e+07   2.7927764e+05   6.1473875e-15   1.0244245e+03   1.1887784e+05   4.0000000e+03   6.9492393e+00  -4.5460641e+01
   3.8100000e+02   1.9244775e+08   1.4255477e+07   2.6155607e+05   5.9332346e-15   1.0244785e+03   1.1863090e+05   4.0000000e+03   6.9394474e+00  -4.5461768e+01
   3.8300000e+02   1.8624195e+08   1.3461253e+07   2.4497006e+05   5.7270676e-15   1.0245301e+03   1.1838481e+05   4.0000000e+03   6.9299766e+00  -4.5462857e+01
   3.8500000e+02   1.8024048e+08   1.2711777e+07   2.2944608e+05   5.5285637e-15   1.0245792e+03   1.1813956e+05   4.0000000e+03   6.9208162e+00  -4.5463911e+01
   3.8700000e+02   1.7443645e+08   1.2004497e+07   2.1491542e+05   5.3374143e-15   1.0246260e+03   1.1789513e+05   4.0000000e+03   6.9119562e+00  -4.5464930e+01
   3.8900000e+02   1.6882321e+08   1.1337009e+07   2.0131386e+05   5.1533247e-15   1.0246706e+03   1.1765152e+05   4.0000000e+03   6.9033866e+00  -4.5465915e+01
   3.9100000e+02   1.6339433e+08   1.0707046e+07   1.8858138e+05   4.9760128e-15   1.0247131e+03   1.1740872e+05   4.0000000e+03   6.8950980e+00  -4.5466869e+01
   3.9300000e+02   1.5814361e+08   1.0112475e+07   1.7666188e+05   4.8052090e-15   1.0247537e+03   1.1716670e+05   4.0000000e+03   6.8870811e+00  -4.5467791e+01
   3.9500000e+02   1.5306506e+08   9.5512839e+06   1.6550294e+05   4.6406554e-15   1.0247924e+03   1.1692547e+05   4.0000000e+03   6.8793270e+00  -4.5468683e+01
   3.9700000e+02   1.4815291e+08   9.0215762e+06   1.5505553e+05   4.4821052e-15   1.0248292e+03   1.1668502e+05   4.0000000e+03   6.8718272e+00  -4.5469545e+01
   3.9900000e+02   1.4340158e+08   8.5215655e+06   1.4527383e+05   4.3293223e-15   1.0248644e+03   1.1644532e+05   4.0000000e+03   6.8645732e+00  -4.5470380e+01
   4.0100000e+02   1.3880568e+08   8.0495677e+06   1.3611501e+05   4.1820807e-15   1.0248979e+03   1.1620639e+05   4.0000000e+03   6.8575570e+00  -4.5471187e+01
   4.0300000e+02   1.3436001e+08   7.6039955e+06   1.2753900e+05   4.0401641e-15   1.0249299e+03   1.1596820e+05   4.0000000e+03   6.8507709e+00  -4.5471967e+01
   4.0500000e+02   1.3005955e+08   7.1833527e+06   1.1950837e+05   3.9033653e-15   1.0249603e+03   1.1573075e+05   4.0000000e+03   6.8442072e+00  -4.5472722e+01
   4.0700000e+02   1.2589946e+08   6.7862286e+06   1.1198809e+05   3.7714859e-15   1.0249894e+03   1.1549403e+05   4.0000000e+03   6.8378587e+00  -4.5473453e+01
   4.0900000e+02   1.2187504e+08   6.4112936e+06   1.0494542e+05   3.6443360e-15   1.0250171e+03   1.1525803e+05   4.0000000e+03   6.8317184e+00  -4.5474159e+01
   4.1100000e+02   1.1798179e+08   6.0572940e+06   9.8349726e+04   3.5217334e-15   1.0250435e+03   1.1502275e+05   4.0000000e+03   6.8257793e+00  -4.5474842e+01
   4.1300000e+02   1.1421533e+08   5.7230480e+06   9.2172379e+04   3.4035039e-15   1.0250687e+03   1.1478818e+05   4.0000000e+03   6.8200349e+00  -4.5475503e+01
   4.1500000e+02   1.1057144e+08   5.4074411e+06   8.6386588e+04   3.2894802e-15   1.0250928e+03   1.1455431e+05   4.0000000e+03   6.8144789e+00  -4.5476142e+01
   4.1700000e+02   1.0704605e+08   5.1094226e+06   8.0967301e+04   3.1795021e-15   1.0251157e+03   1.1432114e+05   4.0000000e+03   6.8091050e+00  -4.5476760e+01
   4.1900000e+02   1.0363523e+08   4.8280014e+06   7.5891082e+04   3.0734160e-15   1.0251376e+03   1.1408865e+05   4.0000000e+03   6.8039073e+00  -4.5477358e+01
   4.2100000e+02   1.0033518e+08   4.5622434e+06   7.1136011e+04   2.9710747e-15   1.0251584e+03   1.1385685e+05   4.0000000e+03   6.7988800e+00  -4.5477936e+01
   4.2300000e+02   9.7142222e+07   4.3112672e+06   6.6681579e+04   2.8723368e-15   1.0251783e+03   1.1362573e+05   4.0000000e+03   6.7940175e+00  -4.5478495e+01
   4.2500000e+02   9.4052811e+07   4.0742419e+06   6.2508603e+04   2.7770670e-15   1.0251973e+03   1.1339528e+05   4.0000000e+03   6.7893145e+00  -4.5479036e+01
   4.2700000e+02   9.1063522e+07   3.8503836e+06   5.8599135e+04   2.6851352e-15   1.0252154e+03   1.1316550e+05   4.0000000e+03   6.7847656e+00  -4.5479559e+01
   4.2900000e+02   8.8171045e+07   3.6389531e+06   5.4936380e+04   2.5964167e-15   1.0252326e+03   1.1293637e+05   4.0000000e+03   6.7803658e+00  -4.5480066e+01
   4.3100000e+02   8.5372180e+07   3.4392531e+06   5.1504628e+04   2.5107918e-15   1.0252491e+03   1.1270791e+05   4.0000000e+03   6.7761103e+00  -4.5480555e+01
   4.3300000e+02   8.2663837e+07   3.2506259e+06   4.8289175e+04   2.4281458e-15   1.0252648e+03   1.1248009e+05   4.0000000e+03   6.7719943e+00  -4.5481028e+01
   4.3500000e+02   8.0043031e+07   3.0724511e+06   4.5276265e+04   2.3483682e-15   1.0252798e+03   1.1225292e+05   4.0000000e+03   6.7680132e+00  -4.5481486e+01
   4.3700000e+02   7.7506876e+07   2.9041433e+06   4.2453022e+04   2.2713532e-15   1.0252940e+03   1.1202639e+05   4.0000000e+03   6.7641626e+00  -4.5481929e+01
   4.3900000e+02   7.5052585e+07   2.7451505e+06   3.9807399e+04   2.1969993e-15   1.0253077e+03   1.1180050e+05   4.0000000e+03   6.7604383e+00  -4.5482358e+01
   4.4100000e+02   7.2677463e+07   2.5949516e+06   3.7328120e+04   2.1252086e-15   1.0253207e+03   1.1157524e+05   4.0000000e+03   6.7568361e+00  -4.5482772e+01
   4.4300000e+02   7.0378907e+07   2.4530552e+06   3.5004632e+04   2.0558875e-15   1.0253331e+03   1.1135061e+05   4.0000000e+03   6.7533520e+00  -4.5483173e+01
   4.4500000e+02   6.8154401e+07   2.3189977e+06   3.2827057e+04   1.9889465e-15   1.0253449e+03   1.1112661e+05   4.0000000e+03   6.7499821e+00  -4.5483560e+01
   4.4700000e+02   6.6001513e+07   2.1923414e+06   3.0786149e+04   1.9242933e-15   1.0253562e+03   1.1090323e+05   4.0000000e+03   6.7467227e+00  -4.5483935e+01
   4.4900000e+02   6.3917894e+07   2.0726735e+06   2.8873254e+04   1.8618454e-15   1.0253670e+03   1.1068046e+05   4.0000000e+03   6.7435701e+00  -4.5484298e+01
   4.5100000e+02   6.1901272e+07   1.9596044e+06   2.7080272e+04   1.8015283e-15   1.0253773e+03   1.1045830e+05   4.0000000e+03   6.7405209e+00  -4.5484649e+01
   4.5300000e+02   5.9949452e+07   1.8527666e+06   2.5399617e+04   1.7432647e-15   1.0253871e+03   1.1023676e+05   4.0000000e+03   6.7375716e+00  -4.5484988e+01
   4.5500000e+02   5.8060313e+07   1.7518130e+06   2.3824191e+04   1.6869800e-15   1.0253965e+03   1.1001582e+05   4.0000000e+03   6.7347191e+00  -4.5485316e+01
   4.5700000e+02   5.6231802e+07   1.6564163e+06   2.2347346e+04   1.6326088e-15   1.0254054e+03   1.0979548e+05   4.0000000e+03   6.7319600e+00  -4.5485633e+01
   4.5900000e+02   5.4461939e+07   1.5662675e+06   2.0962858e+04   1.5800821e-15   1.0254139e+03   1.0957575e+05   4.0000000e+03   6.7292914e+00  -4.5485940e+01
   4.6100000e+02   5.2748806e+07   1.4810749e+06   1.9664902e+04   1.5293286e-15   1.0254221e+03   1.0935661e+05   4.0000000e+03   6.7267103e+00  -4.5486237e+01
   4.6300000e+02   5.1090551e+07   1.4005632e+06   1.8448020e+04   1.4802858e-15   1.0254298e+03   1.0913806e+05   4.0000000e+03   6.7242138e+00  -4.5486524e+01
   4.6500000e+02   4.9485384e+07   1.3244727e+06   1.7307104e+04   1.4328927e-15   1.0254372e+03   1.0892010e+05   4.0000000e+03   6.7217992e+00  -4.5486802e+01
   4.6700000e+02   4.7931573e+07   1.2525580e+06   1.6237369e+04   1.3870911e-15   1.0254443e+03   1.0870272e+05   4.0000000e+03   6.7194637e+00  -4.5487071e+01
   4.6900000e+02   4.6427445e+07   1.1845877e+06   1.5234336e+04   1.3428244e-15   1.0254511e+03   1.0848593e+05   4.0000000e+03   6.7172048e+00  -4.5487330e+01
   4.7100000e+02   4.4971382e+07   1.1203433e+06   1.4293809e+04   1.3000388e-15   1.0254575e+03   1.0826973e+05   4.0000000e+03   6.7150199e+00  -4.5487582e+01
   4.7300000e+02   4.3561819e+07   1.0596184e+06   1.3411859e+04   1.2586819e-15   1.0254636e+03   1.0805409e+05   4.0000000e+03   6.7129067e+00  -4.5487825e+01
   4.7500000e+02   4.2197245e+07   1.0022183e+06   1.2584804e+04   1.2187037e-15   1.0254695e+03   1.0783904e+05   4.0000000e+03   6.7108628e+00  -4.5488060e+01
   4.7700000e+02   4.0876196e+07   9.4795911e+05   1.1809199e+04   1.1800558e-15   1.0254751e+03   1.0762455e+05   4.0000000e+03   6.7088858e+00  -4.5488287e+01
   4.7900000e+02   3.9597260e+07   8.9666719e+05   1.1081815e+04   1.1426918e-15   1.0254805e+03   1.0741064e+05   4.0000000e+03   6.7069737e+00  -4.5488507e+01
   4.8100000e+02   3.8359069e+07   8.4817866e+05   1.0399627e+04   1.1065669e-15   1.0254856e+03   1.0719729e+05   4.0000000e+03   6.7051243e+00  -4.5488720e+01
   4.8300000e+02   3.7160302e+07   8.0233874e+05   9.7598032e+03   1.0716379e-15   1.0254904e+03   1.0698450e+05   4.0000000e+03   6.7033354e+00  -4.5488926e+01
   4.8500000e+02   3.5999680e+07   7.5900131e+05   9.1596889e+03   1.0378634e-15   1.0254951e+03   1.0677228e+05   4.0000000e+03   6.7016053e+00  -4.5489125e+01
   4.8700000e+02   3.4875968e+07   7.1802837e+05   8.5967984e+03   1.0052033e-15   1.0254995e+03   1.0656062e+05   4.0000000e+03   6.6999318e+00  -4.5489317e+01
   4.8900000e+02   3.3787970e+07   6.7928963e+05   8.0688026e+03   9.7361917e-16   1.0255038e+03   1.0634951e+05   4.0000000e+03   6.6983133e+00  -4.5489503e+01
   4.9100000e+02   3.2734531e+07   6.4266202e+05   7.5735195e+03   9.4307381e-16   1.0255078e+03   1.0613896e+05   4.0000000e+03   6.6967477e+00  -4.5489683e+01
   4.9300000e+02   3.1714533e+07   6.0802935e+05   7.1089047e+03   9.1353147e-16   1.0255117e+03   1.0592896e+05   4.0000000e+03   6.6952335e+00  -4.5489858e+01
   4.9500000e+02   3.0726896e+07   5.7528186e+05   6.6730426e+03   8.8495768e-16   1.0255153e+03   1.0571951e+05   4.0000000e+03   6.6937359e+00  -4.5490030e+01
   4.9700000e+02   2.9770574e+07   5.4431592e+05   6.2641383e+03   8.5731923e-16   1.0255189e+03   1.0551061e+05   4.0000000e+03   6.6924506e+00  -4.5490178e+01
   4.9900000e+02   2.8844556e+07   5.1503363e+05   5.8805101e+03   8.3058411e-16   1.0255222e+03   1.0530225e+05   4.0000000e+03   6.6914679e+00  -4.5490291e+01
   5.0100000e+02   2.7947866e+07   4.8734253e+05   5.5205819e+03   8.0472146e-16   1.0255254e+03   1.0509444e+05   4.0000000e+03   6.6907777e+00  -4.5490370e+01
   5.0300000e+02   2.7079556e+07   4.6115529e+05   5.1828768e+03   7.7970153e-16   1.0255285e+03   1.0488716e+05   4.0000000e+03   6.6903705e+00  -4.5490417e+01
   5.0500000e+02   2.6238714e+07   4.3638942e+05   4.8660108e+03   7.5549565e-16   1.0255314e+03   1.0468043e+05   4.0000000e+03   6.6902701e+00  -4.5490428e+01
   5.0700000e+02   2.5424455e+07   4.1296701e+05   4.5686868e+03   7.3207615e-16   1.0255342e+03   1.0447423e+05   4.0000000e+03   6.6902701e+00  -4.5490428e+01
   5.0900000e+02   2.4635922e+07   3.9081444e+05   4.2896891e+03   7.0941639e-16   1.0255369e+03   1.0426857e+05   4.0000000e+03   6.6902701e+00  -4.5490428e+01
   5.1100000e+02   2.3872289e+07   3.6986218e+05   4.0278783e+03   6.8749064e-16   1.0255394e+03   1.0406343e+05   4.0000000e+03   6.6902701e+00  -4.5490428e+01
   5.1300000e+02   2.3132756e+07   3.5004455e+05   3.7821864e+03   6.6627412e-16   1.0255419e+03   1.0385883e+05   4.0000000e+03   6.6902701e+00  -4.5490428e+01
   5.1500000e+02   2.2416547e+07   3.3129949e+05   3.5516125e+03   6.4574290e-16   1.0255442e+03   1.0365476e+05   4.0000000e+03   6.6902701e+00  -4.5490428e+01
   5.1700000e+02   2.1722915e+07   3.1356837e+05   3.3352182e+03   6.2587392e-16   1.0255464e+03   1.0345122e+05   4.0000000e+03   6.6902701e+00  -4.5490428e+01
   5.1900000e+02   2.1051135e+07   2.9679579e+05   3.1321240e+03   6.0664491e-16   1.0255485e+03   1.0324820e+05   4.0000000e+03   6.6902701e+00  -4.5490428e+01
   5.2100000e+02   2.0400507e+07   2.8092943e+05   2.9415054e+03   5.8803441e-16   1.0255506e+03   1.0304570e+05   4.0000000e+03   6.6902701e+00  -4.5490428e+01
   5.2300000e+02   1.9770352e+07   2.6591982e+05   2.7625892e+03   5.7002171e-16   1.0255525e+03   1.0284372e+05   4.0000000e+03   6.6902701e+00  -4.5490428e+01
   5.2500000e+02   1.9160015e+07   2.5172025e+05   2.5946510e+03   5.5258681e-16   1.0255543e+03   1.0264226e+05   4.0000000e+03   6.6902701e+00  -4.5490428e+01
   5.2700000e+02   1.8568861e+07   2.3828656e+05   2.4370111e+03   5.3571043e-16   1.0255561e+03   1.0244132e+05   4.0000000e+03   6.6902701e+00  -4.5490428e+01
   5.2900000e+02   1.7996276e+07   2.2557704e+05   2.2890328e+03   5.1937396e-16   1.0255578e+03   1.0224089e+05   4.0000000e+03   6.6902701e+00  -4.5490428e+01
   5.3100000e+02   1.7441668e+07   2.1355225e+05   2.1501186e+03   5.0355942e-16   1.0255594e+03   1.0204098e+05   4.0000000e+03   6.6902701e+00  -4.5490428e+01
   5.3300000e+02   1.6904462e+07   2.0217493e+05   2.0197086e+03   4.8824947e-16   1.0255609e+03   1.0184158e+05   4.0000000e+03   6.6902701e+00  -4.5490428e+01
   5.3500000e+02   1.6384101e+07   1.9140988e+05   1.8972776e+03   4.7342739e-16   1.0255624e+03   1.0164268e+05   4.0000000e+03   6.6902701e+00  -4.5490428e+01
   5.3700000e+02   1.5880049e+07   1.8122382e+05   1.7823332e+03   4.5907701e-16   1.0255638e+03   1.0144430e+05   4.0000000e+03   6.6902701e+00  -4.5490428e+01
   5.3900000e+02   1.5391785e+07   1.7158530e+05   1.6744136e+03   4.4518273e-16   1.0255651e+03   1.0124642e+05   4.0000000e+03   6.6902701e+00  -4.5490428e+01
   5.4100000e+02   1.4918806e+07   1.6246458e+05   1.5730859e+03   4.3172950e-16   1.0255664e+03   1.0104905e+05   4.0000000e+03   6.6902701e+00  -4.5490428e+01
   5.4300000e+02   1.4460624e+07   1.5383359e+05   1.4779438e+03   4.1870277e-16   1.0255676e+03   1.0085218e+05   4.0000000e+03   6.6902701e+00  -4.5490428e+01
   5.4500000e+02   1.4016769e+07   1.4566575e+05   1.3886065e+03   4.0608849e-16   1.0255688e+03   1.0065581e+05   4.0000000e+03   6.6902701e+00  -4.5490428e+01
   5.4700000e+02   1.3586785e+07   1.3793597e+05   1.3047167e+03   3.9387312e-16   1.0255699e+03   1.0045994e+05   4.0000000e+03   6.6902701e+00  -4.5490428e+01
   5.4900000e+02   1.3170231e+07   1.3062052e+05   1.2259395e+03   3.8204355e-16   1.0255710e+03   1.0026456e+05   4.0000000e+03   6.6902701e+00  -4.5490428e+01
   5.5100000e+02   1.2766679e+07   1.2369696e+05   1.1519605e+03   3.7058714e-16   1.0255720e+03   1.0006969e+05   4.0000000e+03   6.6902701e+00  -4.5490428e+01
   5.5300000e+02   1.2375716e+07   1.1714411e+05   1.0824849e+03   3.5949168e-16   1.0255730e+03   9.9875305e+04   4.0000000e+03   6.6902701e+00  -4.5490428e+01
   5.5500000e+02   1.1996944e+07   1.1094190e+05   1.0172362e+03   3.4874536e-16   1.0255739e+03   9.9681415e+04   4.0000000e+03   6.6902701e+00  -4.5490428e+01
   5.5700000e+02   1.1629975e+07   1.0507139e+05   9.5595508e+02   3.3833678e-16   1.0255748e+03   9.9488016e+04   4.0000000e+03   6.6902701e+00  -4.5490428e+01
   5.5900000e+02   1.1274434e+07   9.9514665e+04   8.9839811e+02   3.2825494e-16   1.0255756e+03   9.9295107e+04   4.0000000e+03   6.6902701e+00  -4.5490428e+01
   5.6100000e+02   1.0929960e+07   9.4254782e+04   8.4433703e+02   3.1848920e-16   1.0255765e+03   9.9102686e+04   4.0000000e+03   6.6902701e+00  -4.5490428e+01
   5.6300000e+02   1.0596202e+07   8.9275727e+04   7.9355767e+02   3.0902928e-16   1.0255772e+03   9.8910750e+04   4.0000000e+03   6.6902701e+00  -4.5490428e+01
   5.6500000e+02   1.0272820e+07   8.4562356e+04   7.4585908e+02   2.9986525e-16   1.0255780e+03   9.8719300e+04   4.0000000e+03   6.6902701e+00  -4.5490428e+01
   5.6700000e+02   9.9594873e+06   8.0100351e+04   7.0105272e+02   2.9098751e-16   1.0255787e+03   9.8528333e+04   4.0000000e+03   6.6902701e+00  -4.5490428e+01
   5.6900000e+02   9.6558848e+06   7.5876173e+04   6.5896172e+02   2.8238680e-16   1.0255794e+03   9.8337847e+04   4.0000000e+03   6.6902701e+00  -4.5490428e+01
   5.7100000e+02   9.3617054e+06   7.1877018e+04   6.1942007e+02   2.7405414e-16   1.0255800e+03   9.8147841e+04   4.0000000e+03   6.6902701e+00  -4.5490428e+01
   5.7300000e+02   9.0766513e+06   6.8090780e+04   5.8227204e+02   2.6598089e-16   1.0255806e+03   9.7958314e+04   4.0000000e+03   6.6902701e+00  -4.5490428e+01
   5.7500000e+02   8.8004346e+06   6.4506011e+04   5.4737146e+02   2.5815867e-16   1.0255812e+03   9.7769264e+04   4.0000000e+03   6.6902701e+00  -4.5490428e+01
   5.7700000e+02   8.5327763e+06   6.1111882e+04   5.1458120e+02   2.5057939e-16   1.0255818e+03   9.7580689e+04   4.0000000e+03   6.6902701e+00  -4.5490428e+01
   5.7900000e+02   8.2734066e+06   5.7898155e+04   4.8377252e+02   2.4323524e-16   1.0255823e+03   9.7392588e+04   4.0000000e+03   6.6902701e+00  -4.5490428e+01
   5.8100000e+02   8.0220643e+06   5.4855144e+04   4.5482465e+02   2.3611865e-16   1.0255828e+03   9.7204959e+04   4.0000000e+03   6.6902701e+00  -4.5490428e+01
   5.8300000e+02   7.7784965e+06   5.1973690e+04   4.2762422e+02   2.2922231e-16   1.0255833e+03   9.7017802e+04   4.0000000e+03   6.6902701e+00  -4.5490428e+01
   5.8500000e+02   7.5424585e+06   4.9245131e+04   4.0206482e+02   2.2253917e-16   1.0255838e+03   9.6831113e+04   4.0000000e+03   6.6902701e+00  -4.5490428e+01
   5.8700000e+02   7.3137134e+06   4.6661273e+04   3.7804659e+02   2.1606240e-16   1.0255842e+03   9.6644893e+04   4.0000000e+03   6.6902701e+00  -4.5490428e+01
   5.8900000e+02   7.0920318e+06   4.4214364e+04   3.5547579e+02   2.0978538e-16   1.0255847e+03   9.6459139e+04   4.0000000e+03   6.6902701e+00  -4.5490428e+01
   5.9100000e+02   6.8771918e+06   4.1897075e+04   3.3426444e+02   2.0370175e-16   1.0255851e+03   9.6273851e+04   4.0000000e+03   6.6902701e+00  -4.5490428e+01
   5.9300000e+02   6.6689784e+06   3.9702469e+04   3.1432994e+02   1.9780532e-16   1.0255855e+03   9.6089025e+04   4.0000000e+03   6.6902701e+00  -4.5490428e+01
   5.9500000e+02   6.4671837e+06   3.7623987e+04   2.9559476e+02   1.9209012e-16   1.0255859e+03   9.5904662e+04   4.0000000e+03   6.6902701e+00  -4.5490428e+01
   5.9700000e+02   6.2716063e+06   3.5655423e+04   2.7798612e+02   1.8655039e-16   1.0255862e+03   9.5720760e+04   4.0000000e+03   6.6902701e+00  -4.5490428e+01
   5.9900000e+02   6.0820512e+06   3.3790905e+04   2.6143570e+02   1.8118053e-16   1.0255866e+03   9.5537317e+04   4.0000000e+03   6.6902701e+00  -4.5490428e+01
   6.0100000e+02   5.8983296e+06   3.2024880e+04   2.4587933e+02   1.7597516e-16   1.0255869e+03   9.5354331e+04   4.0000000e+03   6.6902701e+00  -4.5490428e+01
   6.0300000e+02   5.7202590e+06   3.0352093e+04   2.3125680e+02   1.7092905e-16   1.0255872e+03   9.5171802e+04   4.0000000e+03   6.6902701e+00  -4.5490428e+01
   6.0500000e+02   5.5476623e+06   2.8767570e+04   2.1751156e+02   1.6603716e-16   1.0255875e+03   9.4989728e+04   4.0000000e+03   6.6902701e+00  -4.5490428e+01
   6.0700000e+02   5.3803683e+06   2.7266610e+04   2.0459052e+02   1.6129458e-16   1.0255878e+03   9.4808108e+04   4.0000000e+03   6.6902701e+00  -4.5490428e+01
   6.0900000e+02   5.2182112e+06   2.5844760e+04   1.9244383e+02   1.5669661e-16   1.0255881e+03   9.4626940e+04   4.0000000e+03   6.6902701e+00  -4.5490428e+01
   6.1100000e+02   5.0610305e+06   2.4497810e+04   1.8102467e+02   1.5223867e-16   1.0255883e+03   9.4446222e+04   4.0000000e+03   6.6902701e+00  -4.5490428e+01
   6.1300000e+02   4.9086707e+06   2.3221773e+04   1.7028910e+02   1.4791635e-16   1.0255886e+03   9.4265954e+04   4.0000000e+03   6.6902701e+00  -4.5490428e+01
   6.1500000e+02   4.7609814e+06   2.2012880e+04   1.6019582e+02   1.4372535e-16   1.0255888e+03   9.4086134e+04   4.0000000e+03   6.6902701e+00  -4.5490428e+01
   6.1700000e+02   4.6178168e+06   2.0867562e+04   1.5070608e+02   1.3966155e-16   1.0255891e+03   9.3906761e+04   4.0000000e+03   6.6902701e+00  -4.5490428e+01
   6.1900000e+02   4.4790359e+06   1.9782442e+04   1.4178348e+02   1.3572094e-16   1.0255893e+03   9.3727833e+04   4.0000000e+03   6.6902701e+00  -4.5490428e+01
   6.2100000e+02   4.3445020e+06   1.8754324e+04   1.3339382e+02   1.3189965e-16   1.0255895e+03   9.3549349e+04   4.0000000e+03   6.6902701e+00  -4.5490428e+01
   6.2300000e+02   4.2140829e+06   1.7780183e+04   1.2550499e+02   1.2819393e-16   1.0255897e+03   9.3371308e+04   4.0000000e+03   6.6902701e+00  -4.5490428e+01
   6.2500000e+02   4.0876504e+06   1.6857158e+04   1.1808684e+02   1.2460015e-16   1.0255899e+03   9.3193708e+04   4.0000000e+03   6.6902701e+00  -4.5490428e+01
   6.2700000e+02   3.9650806e+06   1.5982540e+04   1.1111104e+02   1.2111481e-16   1.0255901e+03   9.3016548e+04   4.0000000e+03   6.6902701e+00  -4.5490428e+01
   6.2900000e+02   3.8462532e+06   1.5153763e+04   1.0455097e+02   1.1773451e-16   1.0255902e+03   9.2839826e+04   4.0000000e+03   6.6902701e+00  -4.5490428e+01
   6.3100000e+02   3.7310522e+06   1.4368402e+04   9.8381652e+01   1.1445596e-16   1.0255904e+03   9.2663542e+04   4.0000000e+03   6.6902701e+00  -4.5490428e+01
   6.3300000e+02   3.6193647e+06   1.3624159e+04   9.2579600e+01   1.1127599e-16   1.0255906e+03   9.2487694e+04   4.0000000e+03   6.6902701e+00  -4.5490428e+01
   6.3500000e+02   3.5110817e+06   1.2918860e+04   8.7122761e+01   1.0819152e-16   1.0255907e+03   9.2312280e+04   4.0000000e+03   6.6902701e+00  -4.5490428e+01
   6.3700000e+02   3.4060976e+06   1.2250446e+04   8.1990415e+01   1.0519956e-16   1.0255909e+03   9.2137300e+04   4.0000000e+03   6.6902701e+00  -4.5490428e+01
   6.3900000e+02   3.3043101e+06   1.1616969e+04   7.7163097e+01   1.0229724e-16   1.0255910e+03   9.1962751e+04   4.0000000e+03   6.6902701e+00  -4.5490428e+01
   6.4100000e+02   3.2056201e+06   1.1016585e+04   7.2622520e+01   9.9481763e-17   1.0255911e+03   9.1788633e+04   4.0000000e+03   6.6902701e+00  -4.5490428e+01
   6.4300000e+02   3.1099318e+06   1.0447547e+04   6.8351502e+01   9.6750433e-17   1.0255913e+03   9.1614945e+04   4.0000000e+03   6.6902701e+00  -4.5490428e+01
   6.4500000e+02   3.0171521e+06   9.9082026e+03   6.4333900e+01   9.4100634e-17   1.0255914e+03   9.1441685e+04   4.0000000e+03   6.6902701e+00  -4.5490428e+01
   6.4700000e+02   2.9271910e+06   9.3969862e+03   6.0554547e+01   9.1529835e-17   1.0255915e+03   9.1268851e+04   4.0000000e+03   6.6902701e+00  -4.5490428e+01
   6.4900000e+02   2.8399616e+06   8.9124164e+03   5.6999191e+01   8.9035588e-17   1.0255916e+03   9.1096444e+04   4.0000000e+03   6.6902701e+00  -4.5490428e+01
   6.5100000e+02   2.7553792e+06   8.4530901e+03   5.3654438e+01   8.6615520e-17   1.0255917e+03   9.0924460e+04   4.0000000e+03   6.6902701e+00  -4.5490428e+01
   6.5300000e+02   2.6733621e+06   8.0176791e+03   5.0507704e+01   8.4267337e-17   1.0255918e+03   9.0752899e+04   4.0000000e+03   6.6902701e+00  -4.5490428e+01
   6.5500000e+02   2.5938312e+06   7.6049257e+03   4.7547163e+01   8.1988815e-17   1.0255919e+03   9.0581760e+04   4.0000000e+03   6.6902701e+00  -4.5490428e+01
   6.5700000e+02   2.5167098e+06   7.2136389e+03   4.4761701e+01   7.9777803e-17   1.0255920e+03   9.0411042e+04   4.0000000e+03   6.6902701e+00  -4.5490428e+01
   6.5900000e+02   2.4419234e+06   6.8426910e+03   4.2140874e+01   7.7632219e-17   1.0255921e+03   9.0240743e+04   4.0000000e+03   6.6902701e+00  -4.5490428e+01
   6.6100000e+02   2.3694003e+06   6.4910142e+03   3.9674866e+01   7.5550044e-17   1.0255922e+03   9.0070862e+04   4.0000000e+03   6.6902701e+00  -4.5490428e+01
   6.6300000e+02   2.2990706e+06   6.1575971e+03   3.7354450e+01   7.3529327e-17   1.0255923e+03   8.9901397e+04   4.0000000e+03   6.6902701e+00  -4.5490428e+01
   6.6500000e+02   2.2308669e+06   5.8414821e+03   3.5170956e+01   7.1568175e-17   1.0255924e+03   8.9732348e+04   4.0000000e+03   6.6902701e+00  -4.5490428e+01
   6.6700000e+02   2.1647236e+06   5.5417624e+03   3.3116232e+01   6.9664758e-17   1.0255924e+03   8.9563713e+04   4.0000000e+03   6.6902701e+00  -4.5490428e+01
   6.6900000e+02   2.1005776e+06   5.2575789e+03   3.1182619e+01   6.7817303e-17   1.0255925e+03   8.9395492e+04   4.0000000e+03   6.6902701e+00  -4.5490428e+01
   6.7100000e+02   2.0383673e+06   4.9881182e+03   2.9362914e+01   6.6024092e-17   1.0255926e+03   8.9227682e+04   4.0000000e+03   6.6902701e+00  -4.5490428e+01
   6.7300000e+02   1.9780333e+06   4.7326098e+03   2.7650348e+01   6.4283463e-17   1.0255926e+03   8.9060282e+04   4.0000000e+03   6.6902701e+00  -4.5490428e+01
   6.7500000e+02   1.9195180e+06   4.4903241e+03   2.6038559e+01   6.2593805e-17   1.0255927e+03   8.8893292e+04   4.0000000e+03   6.6902701e+00  -4.5490428e+01
   6.7700000e+02   1.8627657e+06   4.2605697e+03   2.4521562e+01   6.0953560e-17   1.0255928e+03   8.8726710e+04   4.0000000e+03   6.6902701e+00  -4.5490428e+01
   6.7900000e+02   1.8077222e+06   4.0426920e+03   2.3093735e+01   5.9361216e-17   1.0255928e+03   8.8560535e+04   4.0000000e+03   6.6902701e+00  -4.5490428e+01
   6.8100000e+02   1.7543351e+06   3.8360709e+03   2.1749790e+01   5.7815310e-17   1.0255929e+03   8.8394766e+04   4.0000000e+03   6.6902701e+00  -4.5490428e+01
   6.8300000e+02   1.7025538e+06   3.6401189e+03   2.0484755e+01   5.6314427e-17   1.0255929e+03   8.8229401e+04   4.0000000e+03   6.6902701e+00  -4.5490428e+01
   6.8500000e+02   1.6523291e+06   3.4542794e+03   1.9293957e+01   5.4857192e-17   1.0255930e+03   8.8064440e+04   4.0000000e+03   6.6902701e+00  -4.5490428e+01
   6.8700000e+02   1.6036132e+06   3.2780254e+03   1.8173000e+01   5.3442278e-17   1.0255930e+03   8.7899881e+04   4.0000000e+03   6.6902701e+00  -4.5490428e+01
   6.8900000e+02   1.5563602e+06   3.1108574e+03   1.7117753e+01   5.2068396e-17   1.0255931e+03   8.7735722e+04   4.0000000e+03   6.6902701e+00  -4.5490428e+01
   6.9100000e+02   1.5105253e+06   2.9523023e+03   1.6124328e+01   5.0734300e-17   1.0255931e+03   8.7571964e+04   4.0000000e+03   6.6902701e+00  -4.5490428e+01
   6.9300000e+02   1.4660651e+06   2.8019118e+03   1.5189073e+01   4.9438781e-17   1.0255932e+03   8.7408604e+04   4.0000000e+03   6.6902701e+00  -4.5490428e+01
   6.9500000e+02   1.4229377e+06   2.6592612e+03   1.4308552e+01   4.8180668e-17   1.0255932e+03   8.7245641e+04   4.0000000e+03   6.6902701e+00  -4.5490428e+01
   6.9700000e+02   1.3811024e+06   2.5239481e+03   1.3479532e+01   4.6958829e-17   1.0255933e+03   8.7083075e+04   4.0000000e+03   6.6902701e+00  -4.5490428e+01
   6.9900000e+02   1.3405198e+06   2.3955914e+03   1.2698975e+01   4.5772164e-17   1.0255933e+03   8.6920903e+04   4.0000000e+03   6.6902701e+00  -4.5490428e+01
   7.0100000e+02   1.3011518e+06   2.2738297e+03   1.1964023e+01   4.4619609e-17   1.0255933e+03   8.6759126e+04   4.0000000e+03   6.6902701e+00  -4.5490428e+01
   7.0300000e+02   1.2629612e+06   2.1583207e+03   1.1271988e+01   4.3500134e-17   1.0255934e+03   8.6597741e+04   4.0000000e+03   6.6902701e+00  -4.5490428e+01
   7.0500000e+02   1.2259124e+06   2.0487402e+03   1.0620341e+01   4.2412739e-17   1.0255934e+03   8.6436748e+04   4.0000000e+03   6.6902701e+00  -4.5490428e+01
   7.0700000e+02   1.1899704e+06   1.9447806e+03   1.0006705e+01   4.1356457e-17   1.0255934e+03   8.6276146e+04   4.0000000e+03   6.6902701e+00  -4.5490428e+01
   7.0900000e+02   1.1551017e+06   1.8461509e+03   9.4288427e+00   4.0330350e-17   1.0255935e+03   8.6115932e+04   4.0000000e+03   6.6902701e+00  -4.5490428e+01
   7.1100000e+02   1.1212737e+06   1.7525748e+03   8.8846501e+00   3.9333509e-17   1.0255935e+03   8.5956107e+04   4.0000000e+03   6.6902701e+00  -4.5490428e+01
   7.1300000e+02   1.0884547e+06   1.6637910e+03   8.3721481e+00   3.8365054e-17   1.0255935e+03   8.5796669e+04   4.0000000e+03   6.6902701e+00  -4.5490428e+01
   7.1500000e+02   1.0566140e+06   1.5795513e+03   7.8894750e+00   3.7424132e-17   1.0255935e+03   8.5637617e+04   4.0000000e+03   6.6902701e+00  -4.5490428e+01
   7.1700000e+02   1.0257221e+06   1.4996210e+03   7.4348791e+00   3.6509917e-17   1.0255936e+03   8.5478949e+04   4.0000000e+03   6.6902701e+00  -4.5490428e+01
   7.1900000e+02   9.9575006e+05   1.4237773e+03   7.0067129e+00   3.5621606e-17   1.0255936e+03   8.5320666e+04   4.0000000e+03   6.6902701e+00  -4.5490428e+01
   7.2100000e+02   9.6667006e+05   1.3518091e+03   6.6034260e+00   3.4758425e-17   1.0255936e+03   8.5162764e+04   4.0000000e+03   6.6902701e+00  -4.5490428e+01
   7.2300000e+02   9.3845505e+05   1.2835164e+03   6.2235600e+00   3.3919620e-17   1.0255936e+03   8.5005244e+04   4.0000000e+03   6.6902701e+00  -4.5490428e+01
   7.2500000e+02   9.1107885e+05   1.2187096e+03   5.8657428e+00   3.3104463e-17   1.0255937e+03   8.4848105e+04   4.0000000e+03   6.6902701e+00  -4.5490428e+01
   7.2700000e+02   8.8451607e+05   1.1572089e+03   5.5286830e+00   3.2312247e-17   1.0255937e+03   8.4691344e+04   4.0000000e+03   6.6902701e+00  -4.5490428e+01
   7.2900000e+02   8.5874211e+05   1.0988439e+03   5.2111660e+00   3.1542288e-17   1.0255937e+03   8.4534962e+04   4.0000000e+03   6.6902701e+00  -4.5490428e+01
   7.3100000e+02   8.3373312e+05   1.0434532e+03   4.9120485e+00   3.0793920e-17   1.0255937e+03   8.4378957e+04   4.0000000e+03   6.6902701e+00  -4.5490428e+01
   7.3300000e+02   8.0946599e+05   9.9088356e+02   4.6302549e+00   3.0066503e-17   1.0255937e+03   8.4223327e+04   4.0000000e+03   6.6902701e+00  -4.5490428e+01
   7.3500000e+02   7.8591830e+05   9.4098991e+02   4.3647728e+00   2.9359411e-17   1.0255937e+03   8.4068072e+04   4.0000000e+03   6.6902701e+00  -4.5490428e+01
   7.3700000e+02   7.6306836e+05   8.9363462e+02   4.1146499e+00   2.8672040e-17   1.0255938e+03   8.3913191e+04   4.0000000e+03   6.6902701e+00  -4.5490428e+01
   7.3900000e+02   7.4089510e+05   8.4868723e+02   3.8789894e+00   2.8003805e-17   1.0255938e+03   8.3758683e+04   4.0000000e+03   6.6902701e+00  -4.5490428e+01
   7.4100000e+02   7.1937813e+05   8.0602406e+02   3.6569479e+00   2.7354139e-17   1.0255938e+03   8.3604546e+04   4.0000000e+03   6.6902701e+00  -4.5490428e+01
   7.4300000e+02   6.9849768e+05   7.6552784e+02   3.4477312e+00   2.6722489e-17   1.0255938e+03   8.3450779e+04   4.0000000e+03   6.6902701e+00  -4.5490428e+01
   7.4500000e+02   6.7823456e+05   7.2708737e+02   3.2505920e+00   2.6108324e-17   1.0255938e+03   8.3297382e+04   4.0000000e+03   6.6902701e+00  -4.5490428e+01
   7.4700000e+02   6.5857021e+05   6.9059724e+02   3.0648269e+00   2.5511126e-17   1.0255938e+03   8.3144353e+04   4.0000000e+03   6.6902701e+00  -4.5490428e+01
   7.4900000e+02   6.3948650e+05   6.5595694e+02   2.8897704e+00   2.4930390e-17   1.0255938e+03   8.2991692e+04   4.0000000e+03   6.6902701e+00  -4.5490428e+01
   7.5100000e+02   6.2060212e+05   6.2196410e+02   2.7184850e+00   2.4355303e-17   1.0255939e+03   8.2839153e+04   4.0000000e+03   6.6902701e+00  -4.5490428e+01
   7.5300000e+02   6.0246226e+05   5.9027518e+02   2.5604060e+00   2.3801339e-17   1.0255939e+03   8.2687102e+04   4.0000000e+03   6.6902701e+00  -4.5490428e+01
